# transform file transforms/talairach.lta
# created by ubuntu on Mon Jan  1 22:26:47 2018

type      = 0 # LINEAR_VOX_TO_VOX
nxforms   = 1
mean      = 136.0000 137.0000 121.0000
sigma     = 10000.0000
1 4 4
8.465924859046936e-01 3.190366551280022e-02 9.510884992778301e-03 9.796005249023438e+00 
-3.366312384605408e-02 7.943303585052490e-01 3.435940146446228e-01 -1.772033691406250e+01 
9.999213740229607e-03 -3.306967914104462e-01 7.969397902488708e-01 5.478055953979492e+01 
0.000000000000000e+00 0.000000000000000e+00 0.000000000000000e+00 1.000000000000000e+00 
src volume info
valid = 1  # volume info valid
filename = nu.mgz
volume = 256 256 256
voxelsize = 1.000000000000000e+00 1.000000000000000e+00 1.000000000000000e+00
xras   = -1.000000000000000e+00 0.000000000000000e+00 0.000000000000000e+00
yras   = 0.000000000000000e+00 0.000000000000000e+00 -9.999999403953552e-01
zras   = 0.000000000000000e+00 1.000000000000000e+00 0.000000000000000e+00
cras   = 7.606567993164062e+02 7.879688110351562e+02 4.465395355224609e+01
dst volume info
valid = 1  # volume info valid
filename = /usr/local/freesurfer/average/RB_all_2016-05-10.vc700.gca
volume = 256 256 256
voxelsize = 1.000000000000000e+00 1.000000000000000e+00 1.000000000000000e+00
xras   = -1.000000000000000e+00 0.000000000000000e+00 0.000000000000000e+00
yras   = 0.000000000000000e+00 0.000000000000000e+00 -1.000000000000000e+00
zras   = 0.000000000000000e+00 1.000000000000000e+00 0.000000000000000e+00
cras   = 0.000000000000000e+00 0.000000000000000e+00 0.000000000000000e+00
