# transform file /usr/local/freesurfer/subjects/3230/mri/transforms/cc_up.lta
# created by ubuntu on Sun Jan 14 11:45:22 2018

type      = 0 # LINEAR_VOX_TO_VOX
nxforms   = 1
mean      = 130.0000 134.0000 120.0000
sigma     = 10000.0000
1 4 4
9.999620318412781e-01 6.125782616436481e-03 -6.194243207573891e-03 -1.360423564910889e+00 
-6.125664804130793e-03 9.999812245368958e-01 3.794529766310006e-05 2.379659843444824e+01 
6.194359157234430e-03 0.000000000000000e+00 9.999808073043823e-01 1.919437980651855e+01 
0.000000000000000e+00 0.000000000000000e+00 0.000000000000000e+00 1.000000000000000e+00 
src volume info
valid = 1  # volume info valid
filename = /usr/local/freesurfer/subjects/3230/mri/norm.mgz
volume = 256 256 256
voxelsize = 1.000000000000000e+00 1.000000000000000e+00 1.000000000000000e+00
xras   = -9.999999403953552e-01 0.000000000000000e+00 0.000000000000000e+00
yras   = 0.000000000000000e+00 0.000000000000000e+00 -9.999999403953552e-01
zras   = 0.000000000000000e+00 9.999999403953552e-01 0.000000000000000e+00
cras   = 7.317880249023438e+02 7.911991577148438e+02 3.719015121459961e+01
dst volume info
valid = 1  # volume info valid
filename = /usr/local/freesurfer/subjects/3230/mri/norm.mgz
volume = 256 256 256
voxelsize = 1.000000000000000e+00 1.000000000000000e+00 1.000000000000000e+00
xras   = -9.999999403953552e-01 0.000000000000000e+00 0.000000000000000e+00
yras   = 0.000000000000000e+00 0.000000000000000e+00 -9.999999403953552e-01
zras   = 0.000000000000000e+00 9.999999403953552e-01 0.000000000000000e+00
cras   = 7.317880249023438e+02 7.911991577148438e+02 3.719015121459961e+01
