# transform file transforms/talairach.lta
# created by ubuntu on Mon Jan  1 22:17:53 2018

type      = 0 # LINEAR_VOX_TO_VOX
nxforms   = 1
mean      = 125.0000 134.0000 127.0000
sigma     = 10000.0000
1 4 4
8.912689089775085e-01 -6.061155349016190e-02 1.720094494521618e-02 2.006761741638184e+01 
9.994978457689285e-02 9.105686545372009e-01 2.370408624410629e-01 -3.890729141235352e+01 
-5.129350721836090e-02 -2.022639065980911e-01 8.780570626258850e-01 2.962276649475098e+01 
0.000000000000000e+00 0.000000000000000e+00 0.000000000000000e+00 1.000000000000000e+00 
src volume info
valid = 1  # volume info valid
filename = nu.mgz
volume = 256 256 256
voxelsize = 1.000000000000000e+00 1.000000000000000e+00 1.000000000000000e+00
xras   = -1.000000119209290e+00 0.000000000000000e+00 0.000000000000000e+00
yras   = 0.000000000000000e+00 0.000000000000000e+00 -1.000000000000000e+00
zras   = 0.000000000000000e+00 1.000000119209290e+00 0.000000000000000e+00
cras   = 7.517788696289062e+02 8.083918457031250e+02 3.591441345214844e+01
dst volume info
valid = 1  # volume info valid
filename = /usr/local/freesurfer/average/RB_all_2016-05-10.vc700.gca
volume = 256 256 256
voxelsize = 1.000000000000000e+00 1.000000000000000e+00 1.000000000000000e+00
xras   = -1.000000000000000e+00 0.000000000000000e+00 0.000000000000000e+00
yras   = 0.000000000000000e+00 0.000000000000000e+00 -1.000000000000000e+00
zras   = 0.000000000000000e+00 1.000000000000000e+00 0.000000000000000e+00
cras   = 0.000000000000000e+00 0.000000000000000e+00 0.000000000000000e+00
