# transform file /usr/local/freesurfer/subjects/4116/mri/transforms/cc_up.lta
# created by ubuntu on Wed Jan 17 09:14:42 2018

type      = 0 # LINEAR_VOX_TO_VOX
nxforms   = 1
mean      = 127.0000 127.0000 115.0000
sigma     = 10000.0000
1 4 4
9.989148974418640e-01 -4.467536881566048e-02 -1.315744034945965e-02 8.709036827087402e+00 
4.467149451375008e-02 9.990015625953674e-01 -5.884009879082441e-04 1.856136512756348e+01 
1.317058969289064e-02 0.000000000000000e+00 9.999132752418518e-01 2.235688018798828e+01 
0.000000000000000e+00 0.000000000000000e+00 0.000000000000000e+00 1.000000000000000e+00 
src volume info
valid = 1  # volume info valid
filename = /usr/local/freesurfer/subjects/4116/mri/norm.mgz
volume = 256 256 256
voxelsize = 1.000000000000000e+00 1.000000000000000e+00 1.000000000000000e+00
xras   = -1.000000000000000e+00 0.000000000000000e+00 0.000000000000000e+00
yras   = 0.000000000000000e+00 0.000000000000000e+00 -1.000000000000000e+00
zras   = 0.000000000000000e+00 1.000000000000000e+00 0.000000000000000e+00
cras   = 2.041864318847656e+02 2.876223754882812e+02 4.796589355468750e+02
dst volume info
valid = 1  # volume info valid
filename = /usr/local/freesurfer/subjects/4116/mri/norm.mgz
volume = 256 256 256
voxelsize = 1.000000000000000e+00 1.000000000000000e+00 1.000000000000000e+00
xras   = -1.000000000000000e+00 0.000000000000000e+00 0.000000000000000e+00
yras   = 0.000000000000000e+00 0.000000000000000e+00 -1.000000000000000e+00
zras   = 0.000000000000000e+00 1.000000000000000e+00 0.000000000000000e+00
cras   = 2.041864318847656e+02 2.876223754882812e+02 4.796589355468750e+02
