# transform file /usr/local/freesurfer/subjects/3522/mri/transforms/cc_up.lta
# created by ubuntu on Sun Jan 14 09:57:36 2018

type      = 0 # LINEAR_VOX_TO_VOX
nxforms   = 1
mean      = 129.0000 115.0000 116.0000
sigma     = 10000.0000
1 4 4
9.995642900466919e-01 2.218632400035858e-02 -1.946895942091942e-02 -9.130772948265076e-01 
-2.218211628496647e-02 9.997538924217224e-01 4.320509906392545e-04 4.183889389038086e+01 
1.947375200688839e-02 -2.910383045673370e-11 9.998103976249695e-01 2.250742530822754e+01 
0.000000000000000e+00 0.000000000000000e+00 0.000000000000000e+00 1.000000000000000e+00 
src volume info
valid = 1  # volume info valid
filename = /usr/local/freesurfer/subjects/3522/mri/norm.mgz
volume = 256 256 256
voxelsize = 1.000000000000000e+00 1.000000000000000e+00 1.000000000000000e+00
xras   = -1.000000119209290e+00 0.000000000000000e+00 0.000000000000000e+00
yras   = 0.000000000000000e+00 0.000000000000000e+00 -1.000000000000000e+00
zras   = 0.000000000000000e+00 1.000000000000000e+00 0.000000000000000e+00
cras   = 2.255236511230469e+02 3.143808288574219e+02 5.708560791015625e+02
dst volume info
valid = 1  # volume info valid
filename = /usr/local/freesurfer/subjects/3522/mri/norm.mgz
volume = 256 256 256
voxelsize = 1.000000000000000e+00 1.000000000000000e+00 1.000000000000000e+00
xras   = -1.000000119209290e+00 0.000000000000000e+00 0.000000000000000e+00
yras   = 0.000000000000000e+00 0.000000000000000e+00 -1.000000000000000e+00
zras   = 0.000000000000000e+00 1.000000000000000e+00 0.000000000000000e+00
cras   = 2.255236511230469e+02 3.143808288574219e+02 5.708560791015625e+02
