# transform file /usr/local/freesurfer/subjects/4114/mri/transforms/cc_up.lta
# created by ubuntu on Wed Jan 17 09:02:33 2018

type      = 0 # LINEAR_VOX_TO_VOX
nxforms   = 1
mean      = 128.0000 96.0000 110.0000
sigma     = 10000.0000
1 4 4
9.993442893028259e-01 2.144447714090347e-02 2.917454019188881e-02 -4.412577152252197e+00 
-2.143534459173679e-02 9.997700452804565e-01 -6.257766508497298e-04 6.184574890136719e+01 
-2.918125130236149e-02 0.000000000000000e+00 9.995741844177246e-01 3.781245040893555e+01 
0.000000000000000e+00 0.000000000000000e+00 0.000000000000000e+00 1.000000000000000e+00 
src volume info
valid = 1  # volume info valid
filename = /usr/local/freesurfer/subjects/4114/mri/norm.mgz
volume = 256 256 256
voxelsize = 1.000000000000000e+00 1.000000000000000e+00 1.000000000000000e+00
xras   = -1.000000000000000e+00 0.000000000000000e+00 0.000000000000000e+00
yras   = 0.000000000000000e+00 0.000000000000000e+00 -1.000000000000000e+00
zras   = 0.000000000000000e+00 1.000000000000000e+00 0.000000000000000e+00
cras   = 2.002090454101562e+02 3.162678833007812e+02 4.944746093750000e+02
dst volume info
valid = 1  # volume info valid
filename = /usr/local/freesurfer/subjects/4114/mri/norm.mgz
volume = 256 256 256
voxelsize = 1.000000000000000e+00 1.000000000000000e+00 1.000000000000000e+00
xras   = -1.000000000000000e+00 0.000000000000000e+00 0.000000000000000e+00
yras   = 0.000000000000000e+00 0.000000000000000e+00 -1.000000000000000e+00
zras   = 0.000000000000000e+00 1.000000000000000e+00 0.000000000000000e+00
cras   = 2.002090454101562e+02 3.162678833007812e+02 4.944746093750000e+02
