# transform file /usr/local/freesurfer/subjects/3968/mri/transforms/cc_up.lta
# created by ubuntu on Tue Jan 16 05:30:18 2018

type      = 0 # LINEAR_VOX_TO_VOX
nxforms   = 1
mean      = 129.0000 105.0000 111.0000
sigma     = 10000.0000
1 4 4
9.991970062255859e-01 -9.662916883826256e-03 3.888239711523056e-02 -5.533766746520996e+00 
9.655608795583248e-03 9.999532699584961e-01 3.757349040824920e-04 4.570583343505859e+01 
-3.888421505689621e-02 0.000000000000000e+00 9.992436766624451e-01 4.516038894653320e+01 
0.000000000000000e+00 0.000000000000000e+00 0.000000000000000e+00 1.000000000000000e+00 
src volume info
valid = 1  # volume info valid
filename = /usr/local/freesurfer/subjects/3968/mri/norm.mgz
volume = 256 256 256
voxelsize = 1.000000000000000e+00 1.000000000000000e+00 1.000000000000000e+00
xras   = -1.000000000000000e+00 0.000000000000000e+00 0.000000000000000e+00
yras   = 0.000000000000000e+00 0.000000000000000e+00 -1.000000000000000e+00
zras   = 0.000000000000000e+00 1.000000000000000e+00 0.000000000000000e+00
cras   = 1.990199584960938e+02 2.817380981445312e+02 5.307750854492188e+02
dst volume info
valid = 1  # volume info valid
filename = /usr/local/freesurfer/subjects/3968/mri/norm.mgz
volume = 256 256 256
voxelsize = 1.000000000000000e+00 1.000000000000000e+00 1.000000000000000e+00
xras   = -1.000000000000000e+00 0.000000000000000e+00 0.000000000000000e+00
yras   = 0.000000000000000e+00 0.000000000000000e+00 -1.000000000000000e+00
zras   = 0.000000000000000e+00 1.000000000000000e+00 0.000000000000000e+00
cras   = 1.990199584960938e+02 2.817380981445312e+02 5.307750854492188e+02
