# transform file /usr/local/freesurfer/subjects/3530/mri/transforms/cc_up.lta
# created by ubuntu on Sun Jan 14 10:03:04 2018

type      = 0 # LINEAR_VOX_TO_VOX
nxforms   = 1
mean      = 129.0000 118.0000 107.0000
sigma     = 10000.0000
1 4 4
9.998467564582825e-01 -3.834075760096312e-03 1.707659661769867e-02 -1.190532922744751e+00 
3.833516500890255e-03 9.999925494194031e-01 6.547344673890620e-05 2.450008010864258e+01 
-1.707672327756882e-02 0.000000000000000e+00 9.998541474342346e-01 3.621660232543945e+01 
0.000000000000000e+00 0.000000000000000e+00 0.000000000000000e+00 1.000000000000000e+00 
src volume info
valid = 1  # volume info valid
filename = /usr/local/freesurfer/subjects/3530/mri/norm.mgz
volume = 256 256 256
voxelsize = 1.000000000000000e+00 1.000000000000000e+00 1.000000000000000e+00
xras   = -9.999999403953552e-01 0.000000000000000e+00 0.000000000000000e+00
yras   = 0.000000000000000e+00 0.000000000000000e+00 -9.999999403953552e-01
zras   = 0.000000000000000e+00 9.999999403953552e-01 0.000000000000000e+00
cras   = 2.366006927490234e+02 3.116903076171875e+02 5.569106445312500e+02
dst volume info
valid = 1  # volume info valid
filename = /usr/local/freesurfer/subjects/3530/mri/norm.mgz
volume = 256 256 256
voxelsize = 1.000000000000000e+00 1.000000000000000e+00 1.000000000000000e+00
xras   = -9.999999403953552e-01 0.000000000000000e+00 0.000000000000000e+00
yras   = 0.000000000000000e+00 0.000000000000000e+00 -9.999999403953552e-01
zras   = 0.000000000000000e+00 9.999999403953552e-01 0.000000000000000e+00
cras   = 2.366006927490234e+02 3.116903076171875e+02 5.569106445312500e+02
