# transform file /usr/local/freesurfer/subjects/4004/mri/transforms/cc_up.lta
# created by ubuntu on Tue Jan 16 05:53:43 2018

type      = 0 # LINEAR_VOX_TO_VOX
nxforms   = 1
mean      = 122.0000 125.0000 114.0000
sigma     = 10000.0000
1 4 4
9.978692531585693e-01 4.036739468574524e-02 -5.126050487160683e-02 8.701457977294922e+00 
-4.031423851847649e-02 9.991849660873413e-01 2.070940798148513e-03 2.877527046203613e+01 
5.130232125520706e-02 0.000000000000000e+00 9.986832737922668e-01 2.390184593200684e+01 
0.000000000000000e+00 0.000000000000000e+00 0.000000000000000e+00 1.000000000000000e+00 
src volume info
valid = 1  # volume info valid
filename = /usr/local/freesurfer/subjects/4004/mri/norm.mgz
volume = 256 256 256
voxelsize = 1.000000000000000e+00 1.000000000000000e+00 1.000000000000000e+00
xras   = -1.000000000000000e+00 0.000000000000000e+00 0.000000000000000e+00
yras   = 0.000000000000000e+00 0.000000000000000e+00 -1.000000000000000e+00
zras   = 0.000000000000000e+00 1.000000000000000e+00 0.000000000000000e+00
cras   = 2.160000000000000e+02 2.725000000000000e+02 5.240000000000000e+02
dst volume info
valid = 1  # volume info valid
filename = /usr/local/freesurfer/subjects/4004/mri/norm.mgz
volume = 256 256 256
voxelsize = 1.000000000000000e+00 1.000000000000000e+00 1.000000000000000e+00
xras   = -1.000000000000000e+00 0.000000000000000e+00 0.000000000000000e+00
yras   = 0.000000000000000e+00 0.000000000000000e+00 -1.000000000000000e+00
zras   = 0.000000000000000e+00 1.000000000000000e+00 0.000000000000000e+00
cras   = 2.160000000000000e+02 2.725000000000000e+02 5.240000000000000e+02
