# transform file transforms/talairach.lta
# created by ubuntu on Mon Jan 15 19:52:56 2018

type      = 0 # LINEAR_VOX_TO_VOX
nxforms   = 1
mean      = 122.0000 125.0000 114.0000
sigma     = 10000.0000
1 4 4
1.107721328735352e+00 7.283786311745644e-03 -4.725826531648636e-02 -4.407333374023438e+00 
3.251407295465469e-03 1.070771813392639e+00 2.444034814834595e-01 -3.785573959350586e+01 
5.926391482353210e-02 -2.460628449916840e-01 1.027363538742065e+00 1.649439239501953e+01 
0.000000000000000e+00 0.000000000000000e+00 0.000000000000000e+00 1.000000000000000e+00 
src volume info
valid = 1  # volume info valid
filename = nu.mgz
volume = 256 256 256
voxelsize = 1.000000000000000e+00 1.000000000000000e+00 1.000000000000000e+00
xras   = -1.000000000000000e+00 0.000000000000000e+00 0.000000000000000e+00
yras   = 0.000000000000000e+00 0.000000000000000e+00 -1.000000000000000e+00
zras   = 0.000000000000000e+00 1.000000000000000e+00 0.000000000000000e+00
cras   = 2.160000000000000e+02 2.725000000000000e+02 5.240000000000000e+02
dst volume info
valid = 1  # volume info valid
filename = /usr/local/freesurfer/average/RB_all_2016-05-10.vc700.gca
volume = 256 256 256
voxelsize = 1.000000000000000e+00 1.000000000000000e+00 1.000000000000000e+00
xras   = -1.000000000000000e+00 0.000000000000000e+00 0.000000000000000e+00
yras   = 0.000000000000000e+00 0.000000000000000e+00 -1.000000000000000e+00
zras   = 0.000000000000000e+00 1.000000000000000e+00 0.000000000000000e+00
cras   = 0.000000000000000e+00 0.000000000000000e+00 0.000000000000000e+00
