# transform file /usr/local/freesurfer/subjects/3115/mri/transforms/cc_up.lta
# created by ubuntu on Sun Dec 31 14:14:38 2017

type      = 0 # LINEAR_VOX_TO_VOX
nxforms   = 1
mean      = 124.0000 158.0000 131.0000
sigma     = 10000.0000
1 4 4
9.983544945716858e-01 4.751316830515862e-02 -3.210719674825668e-02 -2.364283800125122e-01 
-4.748861491680145e-02 9.988706707954407e-01 1.527239335700870e-03 -5.009793281555176e+00 
3.214349970221519e-02 0.000000000000000e+00 9.994832873344421e-01 5.990671634674072e+00 
0.000000000000000e+00 0.000000000000000e+00 0.000000000000000e+00 1.000000000000000e+00 
src volume info
valid = 1  # volume info valid
filename = /usr/local/freesurfer/subjects/3115/mri/norm.mgz
volume = 256 256 256
voxelsize = 1.000000000000000e+00 1.000000000000000e+00 1.000000000000000e+00
xras   = -1.000000000000000e+00 0.000000000000000e+00 0.000000000000000e+00
yras   = 0.000000000000000e+00 0.000000000000000e+00 -1.000000000000000e+00
zras   = 0.000000000000000e+00 1.000000000000000e+00 0.000000000000000e+00
cras   = 2.160000000000000e+02 2.725000000000000e+02 5.040000000000000e+02
dst volume info
valid = 1  # volume info valid
filename = /usr/local/freesurfer/subjects/3115/mri/norm.mgz
volume = 256 256 256
voxelsize = 1.000000000000000e+00 1.000000000000000e+00 1.000000000000000e+00
xras   = -1.000000000000000e+00 0.000000000000000e+00 0.000000000000000e+00
yras   = 0.000000000000000e+00 0.000000000000000e+00 -1.000000000000000e+00
zras   = 0.000000000000000e+00 1.000000000000000e+00 0.000000000000000e+00
cras   = 2.160000000000000e+02 2.725000000000000e+02 5.040000000000000e+02
