# transform file /usr/local/freesurfer/subjects/3969/mri/transforms/cc_up.lta
# created by ubuntu on Tue Jan 16 05:21:48 2018

type      = 0 # LINEAR_VOX_TO_VOX
nxforms   = 1
mean      = 128.0000 99.0000 112.0000
sigma     = 10000.0000
1 4 4
9.974601268768311e-01 2.394947037100792e-02 6.708040833473206e-02 -9.162183761596680e+00 
-2.389549463987350e-02 9.997131824493408e-01 -1.607001177035272e-03 5.126295471191406e+01 
-6.709966063499451e-02 1.164153218269348e-10 9.977462887763977e-01 3.887672042846680e+01 
0.000000000000000e+00 0.000000000000000e+00 0.000000000000000e+00 1.000000000000000e+00 
src volume info
valid = 1  # volume info valid
filename = /usr/local/freesurfer/subjects/3969/mri/norm.mgz
volume = 256 256 256
voxelsize = 1.000000000000000e+00 1.000000000000000e+00 1.000000000000000e+00
xras   = -1.000000000000000e+00 0.000000000000000e+00 0.000000000000000e+00
yras   = 0.000000000000000e+00 0.000000000000000e+00 -1.000000000000000e+00
zras   = 0.000000000000000e+00 1.000000000000000e+00 0.000000000000000e+00
cras   = 1.873128662109375e+02 2.839332885742188e+02 5.278480834960938e+02
dst volume info
valid = 1  # volume info valid
filename = /usr/local/freesurfer/subjects/3969/mri/norm.mgz
volume = 256 256 256
voxelsize = 1.000000000000000e+00 1.000000000000000e+00 1.000000000000000e+00
xras   = -1.000000000000000e+00 0.000000000000000e+00 0.000000000000000e+00
yras   = 0.000000000000000e+00 0.000000000000000e+00 -1.000000000000000e+00
zras   = 0.000000000000000e+00 1.000000000000000e+00 0.000000000000000e+00
cras   = 1.873128662109375e+02 2.839332885742188e+02 5.278480834960938e+02
