# transform file /usr/local/freesurfer/subjects/3113/mri/transforms/cc_up.lta
# created by ubuntu on Sun Dec 31 12:55:59 2017

type      = 0 # LINEAR_VOX_TO_VOX
nxforms   = 1
mean      = 127.0000 125.0000 113.0000
sigma     = 10000.0000
1 4 4
9.921471476554871e-01 -1.164202466607094e-01 -4.571862518787384e-02 1.992488098144531e+01 
1.162968426942825e-01 9.932000041007996e-01 -5.359015427529812e-03 2.564914703369141e+00 
4.603163897991180e-02 4.656612317965880e-10 9.989399313926697e-01 2.727997779846191e+01 
0.000000000000000e+00 0.000000000000000e+00 0.000000000000000e+00 1.000000000000000e+00 
src volume info
valid = 1  # volume info valid
filename = /usr/local/freesurfer/subjects/3113/mri/norm.mgz
volume = 256 256 256
voxelsize = 1.000000000000000e+00 1.000000000000000e+00 1.000000000000000e+00
xras   = -1.000000000000000e+00 0.000000000000000e+00 0.000000000000000e+00
yras   = 0.000000000000000e+00 0.000000000000000e+00 -1.000000000000000e+00
zras   = 0.000000000000000e+00 1.000000000000000e+00 0.000000000000000e+00
cras   = 1.998072204589844e+02 2.778975830078125e+02 5.154698486328125e+02
dst volume info
valid = 1  # volume info valid
filename = /usr/local/freesurfer/subjects/3113/mri/norm.mgz
volume = 256 256 256
voxelsize = 1.000000000000000e+00 1.000000000000000e+00 1.000000000000000e+00
xras   = -1.000000000000000e+00 0.000000000000000e+00 0.000000000000000e+00
yras   = 0.000000000000000e+00 0.000000000000000e+00 -1.000000000000000e+00
zras   = 0.000000000000000e+00 1.000000000000000e+00 0.000000000000000e+00
cras   = 1.998072204589844e+02 2.778975830078125e+02 5.154698486328125e+02
