# transform file /usr/local/freesurfer/subjects/3778/mri/transforms/cc_up.lta
# created by ubuntu on Fri Jan 19 19:17:15 2018

type      = 0 # LINEAR_VOX_TO_VOX
nxforms   = 1
mean      = 129.0000 131.0000 126.0000
sigma     = 10000.0000
1 4 4
9.991507530212402e-01 -2.701135724782944e-02 -3.111523389816284e-02 6.953795909881592e+00 
2.699826844036579e-02 9.996351599693298e-01 -8.407714194618165e-04 1.066055202484131e+01 
3.112659044563770e-02 -5.820766091346741e-11 9.995154142379761e-01 3.043301820755005e+00 
0.000000000000000e+00 0.000000000000000e+00 0.000000000000000e+00 1.000000000000000e+00 
src volume info
valid = 1  # volume info valid
filename = /usr/local/freesurfer/subjects/3778/mri/norm.mgz
volume = 256 256 256
voxelsize = 1.000000000000000e+00 1.000000000000000e+00 1.000000000000000e+00
xras   = -1.000000000000000e+00 0.000000000000000e+00 0.000000000000000e+00
yras   = 0.000000000000000e+00 0.000000000000000e+00 -1.000000000000000e+00
zras   = 0.000000000000000e+00 1.000000000000000e+00 0.000000000000000e+00
cras   = 2.234273376464844e+02 2.626294555664062e+02 5.054676513671875e+02
dst volume info
valid = 1  # volume info valid
filename = /usr/local/freesurfer/subjects/3778/mri/norm.mgz
volume = 256 256 256
voxelsize = 1.000000000000000e+00 1.000000000000000e+00 1.000000000000000e+00
xras   = -1.000000000000000e+00 0.000000000000000e+00 0.000000000000000e+00
yras   = 0.000000000000000e+00 0.000000000000000e+00 -1.000000000000000e+00
zras   = 0.000000000000000e+00 1.000000000000000e+00 0.000000000000000e+00
cras   = 2.234273376464844e+02 2.626294555664062e+02 5.054676513671875e+02
