# transform file /usr/local/freesurfer/subjects/3111/mri/transforms/cc_up.lta
# created by ubuntu on Sun Dec 31 14:10:41 2017

type      = 0 # LINEAR_VOX_TO_VOX
nxforms   = 1
mean      = 132.0000 137.0000 147.0000
sigma     = 10000.0000
1 4 4
9.975658655166626e-01 -6.694799661636353e-02 1.950027793645859e-02 4.816556453704834e+00 
6.693521142005920e-02 9.977564215660095e-01 1.308440230786800e-03 4.408888816833496e+00 
-1.954412646591663e-02 -1.164153218269348e-10 9.998090267181396e-01 4.559747219085693e+00 
0.000000000000000e+00 0.000000000000000e+00 0.000000000000000e+00 1.000000000000000e+00 
src volume info
valid = 1  # volume info valid
filename = /usr/local/freesurfer/subjects/3111/mri/norm.mgz
volume = 256 256 256
voxelsize = 1.000000000000000e+00 1.000000000000000e+00 1.000000000000000e+00
xras   = -1.000000000000000e+00 0.000000000000000e+00 0.000000000000000e+00
yras   = 0.000000000000000e+00 0.000000000000000e+00 -1.000000000000000e+00
zras   = 0.000000000000000e+00 1.000000000000000e+00 0.000000000000000e+00
cras   = 2.126264953613281e+02 2.731746826171875e+02 5.181687011718750e+02
dst volume info
valid = 1  # volume info valid
filename = /usr/local/freesurfer/subjects/3111/mri/norm.mgz
volume = 256 256 256
voxelsize = 1.000000000000000e+00 1.000000000000000e+00 1.000000000000000e+00
xras   = -1.000000000000000e+00 0.000000000000000e+00 0.000000000000000e+00
yras   = 0.000000000000000e+00 0.000000000000000e+00 -1.000000000000000e+00
zras   = 0.000000000000000e+00 1.000000000000000e+00 0.000000000000000e+00
cras   = 2.126264953613281e+02 2.731746826171875e+02 5.181687011718750e+02
