# transform file transforms/talairach_with_skull.lta
# created by ubuntu on Sun Dec 31 02:14:09 2017

type      = 0 # LINEAR_VOX_TO_VOX
nxforms   = 1
mean      = 129.0000 153.0000 128.0000
sigma     = 10000.0000
1 4 4
1.029979228973389e+00 -8.537121117115021e-02 4.204159229993820e-02 -3.665704250335693e+00 
6.297140568494797e-02 1.052600264549255e+00 4.007110595703125e-01 -8.499217987060547e+01 
-6.452453136444092e-02 -3.816002011299133e-01 1.013873457908630e+00 2.280438423156738e+01 
0.000000000000000e+00 0.000000000000000e+00 0.000000000000000e+00 1.000000000000000e+00 
src volume info
valid = 1  # volume info valid
filename = nu.mgz
volume = 256 256 256
voxelsize = 1.000000000000000e+00 1.000000000000000e+00 1.000000000000000e+00
xras   = -1.000000000000000e+00 0.000000000000000e+00 0.000000000000000e+00
yras   = 0.000000000000000e+00 0.000000000000000e+00 -1.000000000000000e+00
zras   = 0.000000000000000e+00 1.000000000000000e+00 0.000000000000000e+00
cras   = 2.126264953613281e+02 2.731746826171875e+02 5.181687011718750e+02
dst volume info
valid = 1  # volume info valid
filename = /usr/local/freesurfer/average/RB_all_withskull_2016-05-10.vc700.gca
volume = 256 256 256
voxelsize = 1.000000000000000e+00 1.000000000000000e+00 1.000000000000000e+00
xras   = -1.000000000000000e+00 0.000000000000000e+00 0.000000000000000e+00
yras   = 0.000000000000000e+00 0.000000000000000e+00 -1.000000000000000e+00
zras   = 0.000000000000000e+00 1.000000000000000e+00 0.000000000000000e+00
cras   = 0.000000000000000e+00 0.000000000000000e+00 0.000000000000000e+00
