# transform file transforms/talairach.lta
# created by ubuntu on Sun Dec 31 03:06:26 2017

type      = 0 # LINEAR_VOX_TO_VOX
nxforms   = 1
mean      = 132.0000 138.0000 148.0000
sigma     = 10000.0000
1 4 4
1.048097133636475e+00 -9.472496062517166e-02 3.345592319965363e-02 -3.938586711883545e+00 
8.135506510734558e-02 1.008439183235168e+00 4.263063371181488e-01 -8.286650848388672e+01 
-6.751005351543427e-02 -3.944051563739777e-01 9.559745788574219e-01 3.331075668334961e+01 
0.000000000000000e+00 0.000000000000000e+00 0.000000000000000e+00 1.000000000000000e+00 
src volume info
valid = 1  # volume info valid
filename = nu.mgz
volume = 256 256 256
voxelsize = 1.000000000000000e+00 1.000000000000000e+00 1.000000000000000e+00
xras   = -1.000000000000000e+00 0.000000000000000e+00 0.000000000000000e+00
yras   = 0.000000000000000e+00 0.000000000000000e+00 -1.000000000000000e+00
zras   = 0.000000000000000e+00 1.000000000000000e+00 0.000000000000000e+00
cras   = 2.126264953613281e+02 2.731746826171875e+02 5.181687011718750e+02
dst volume info
valid = 1  # volume info valid
filename = /usr/local/freesurfer/average/RB_all_2016-05-10.vc700.gca
volume = 256 256 256
voxelsize = 1.000000000000000e+00 1.000000000000000e+00 1.000000000000000e+00
xras   = -1.000000000000000e+00 0.000000000000000e+00 0.000000000000000e+00
yras   = 0.000000000000000e+00 0.000000000000000e+00 -1.000000000000000e+00
zras   = 0.000000000000000e+00 1.000000000000000e+00 0.000000000000000e+00
cras   = 0.000000000000000e+00 0.000000000000000e+00 0.000000000000000e+00
