# transform file /usr/local/freesurfer/subjects/4113/mri/transforms/cc_up.lta
# created by ubuntu on Wed Jan 17 09:21:20 2018

type      = 0 # LINEAR_VOX_TO_VOX
nxforms   = 1
mean      = 126.0000 118.0000 117.0000
sigma     = 10000.0000
1 4 4
9.923738241195679e-01 1.133717671036720e-01 -4.838577657938004e-02 -4.998280525207520e+00 
-1.132372543215752e-01 9.935526847839355e-01 5.521177314221859e-03 5.247796630859375e+01 
4.869976267218590e-02 0.000000000000000e+00 9.988135099411011e-01 7.887609481811523e+00 
0.000000000000000e+00 0.000000000000000e+00 0.000000000000000e+00 1.000000000000000e+00 
src volume info
valid = 1  # volume info valid
filename = /usr/local/freesurfer/subjects/4113/mri/norm.mgz
volume = 256 256 256
voxelsize = 1.000000000000000e+00 1.000000000000000e+00 1.000000000000000e+00
xras   = -1.000000000000000e+00 0.000000000000000e+00 0.000000000000000e+00
yras   = 0.000000000000000e+00 0.000000000000000e+00 -1.000000000000000e+00
zras   = 0.000000000000000e+00 1.000000000000000e+00 0.000000000000000e+00
cras   = 2.012203369140625e+02 2.935000000000000e+02 4.781065673828125e+02
dst volume info
valid = 1  # volume info valid
filename = /usr/local/freesurfer/subjects/4113/mri/norm.mgz
volume = 256 256 256
voxelsize = 1.000000000000000e+00 1.000000000000000e+00 1.000000000000000e+00
xras   = -1.000000000000000e+00 0.000000000000000e+00 0.000000000000000e+00
yras   = 0.000000000000000e+00 0.000000000000000e+00 -1.000000000000000e+00
zras   = 0.000000000000000e+00 1.000000000000000e+00 0.000000000000000e+00
cras   = 2.012203369140625e+02 2.935000000000000e+02 4.781065673828125e+02
