# transform file /usr/local/freesurfer/subjects/4093/mri/transforms/cc_up.lta
# created by ubuntu on Thu Jan 18 13:51:28 2018

type      = 0 # LINEAR_VOX_TO_VOX
nxforms   = 1
mean      = 127.0000 138.0000 130.0000
sigma     = 10000.0000
1 4 4
9.999373555183411e-01 -5.197286140173674e-03 9.912627749145031e-03 3.764673769474030e-01 
5.197030492126942e-03 9.999865293502808e-01 5.151945515535772e-05 1.233513927459717e+01 
-9.912761859595776e-03 0.000000000000000e+00 9.999508261680603e-01 5.265010356903076e+00 
0.000000000000000e+00 0.000000000000000e+00 0.000000000000000e+00 1.000000000000000e+00 
src volume info
valid = 1  # volume info valid
filename = /usr/local/freesurfer/subjects/4093/mri/norm.mgz
volume = 256 256 256
voxelsize = 1.000000000000000e+00 1.000000000000000e+00 1.000000000000000e+00
xras   = -1.000000000000000e+00 0.000000000000000e+00 0.000000000000000e+00
yras   = 0.000000000000000e+00 0.000000000000000e+00 -1.000000000000000e+00
zras   = 0.000000000000000e+00 1.000000000000000e+00 0.000000000000000e+00
cras   = 2.535831451416016e+02 2.980807495117188e+02 4.765473632812500e+02
dst volume info
valid = 1  # volume info valid
filename = /usr/local/freesurfer/subjects/4093/mri/norm.mgz
volume = 256 256 256
voxelsize = 1.000000000000000e+00 1.000000000000000e+00 1.000000000000000e+00
xras   = -1.000000000000000e+00 0.000000000000000e+00 0.000000000000000e+00
yras   = 0.000000000000000e+00 0.000000000000000e+00 -1.000000000000000e+00
zras   = 0.000000000000000e+00 1.000000000000000e+00 0.000000000000000e+00
cras   = 2.535831451416016e+02 2.980807495117188e+02 4.765473632812500e+02
