# transform file /usr/local/freesurfer/subjects/4101/mri/transforms/cc_up.lta
# created by ubuntu on Thu Jan 18 14:26:32 2018

type      = 0 # LINEAR_VOX_TO_VOX
nxforms   = 1
mean      = 128.0000 127.0000 120.0000
sigma     = 10000.0000
1 4 4
9.996916651725769e-01 -2.482496947050095e-02 6.834578234702349e-04 2.717809200286865e+00 
2.482496388256550e-02 9.996919035911560e-01 1.697204788797535e-05 1.385469341278076e+01 
-6.836684769950807e-04 0.000000000000000e+00 9.999998211860657e-01 1.508754253387451e+01 
0.000000000000000e+00 0.000000000000000e+00 0.000000000000000e+00 1.000000000000000e+00 
src volume info
valid = 1  # volume info valid
filename = /usr/local/freesurfer/subjects/4101/mri/norm.mgz
volume = 256 256 256
voxelsize = 1.000000000000000e+00 1.000000000000000e+00 1.000000000000000e+00
xras   = -1.000000000000000e+00 0.000000000000000e+00 0.000000000000000e+00
yras   = 0.000000000000000e+00 0.000000000000000e+00 -1.000000000000000e+00
zras   = 0.000000000000000e+00 1.000000000000000e+00 0.000000000000000e+00
cras   = 2.167083740234375e+02 2.986832275390625e+02 4.765722656250000e+02
dst volume info
valid = 1  # volume info valid
filename = /usr/local/freesurfer/subjects/4101/mri/norm.mgz
volume = 256 256 256
voxelsize = 1.000000000000000e+00 1.000000000000000e+00 1.000000000000000e+00
xras   = -1.000000000000000e+00 0.000000000000000e+00 0.000000000000000e+00
yras   = 0.000000000000000e+00 0.000000000000000e+00 -1.000000000000000e+00
zras   = 0.000000000000000e+00 1.000000000000000e+00 0.000000000000000e+00
cras   = 2.167083740234375e+02 2.986832275390625e+02 4.765722656250000e+02
