# transform file /usr/local/freesurfer/subjects/3523/mri/transforms/cc_up.lta
# created by ubuntu on Sun Jan 14 09:34:26 2018

type      = 0 # LINEAR_VOX_TO_VOX
nxforms   = 1
mean      = 130.0000 107.0000 106.0000
sigma     = 10000.0000
1 4 4
9.987288713455200e-01 -4.878143966197968e-02 1.270023267716169e-02 2.260921001434326e+00 
4.877749457955360e-02 9.988096356391907e-01 6.202739314176142e-04 3.670880126953125e+01 
-1.271537039428949e-02 0.000000000000000e+00 9.999192357063293e-01 3.565877532958984e+01 
0.000000000000000e+00 0.000000000000000e+00 0.000000000000000e+00 1.000000000000000e+00 
src volume info
valid = 1  # volume info valid
filename = /usr/local/freesurfer/subjects/3523/mri/norm.mgz
volume = 256 256 256
voxelsize = 1.000000000000000e+00 1.000000000000000e+00 1.000000000000000e+00
xras   = -1.000000000000000e+00 0.000000000000000e+00 0.000000000000000e+00
yras   = 0.000000000000000e+00 0.000000000000000e+00 -1.000000000000000e+00
zras   = 0.000000000000000e+00 1.000000000000000e+00 0.000000000000000e+00
cras   = 2.539829711914062e+02 3.143141174316406e+02 5.392579956054688e+02
dst volume info
valid = 1  # volume info valid
filename = /usr/local/freesurfer/subjects/3523/mri/norm.mgz
volume = 256 256 256
voxelsize = 1.000000000000000e+00 1.000000000000000e+00 1.000000000000000e+00
xras   = -1.000000000000000e+00 0.000000000000000e+00 0.000000000000000e+00
yras   = 0.000000000000000e+00 0.000000000000000e+00 -1.000000000000000e+00
zras   = 0.000000000000000e+00 1.000000000000000e+00 0.000000000000000e+00
cras   = 2.539829711914062e+02 3.143141174316406e+02 5.392579956054688e+02
