# transform file /usr/local/freesurfer/subjects/4115/mri/transforms/cc_up.lta
# created by ubuntu on Wed Jan 17 08:54:52 2018

type      = 0 # LINEAR_VOX_TO_VOX
nxforms   = 1
mean      = 128.0000 119.0000 114.0000
sigma     = 10000.0000
1 4 4
9.996876120567322e-01 1.891023293137550e-02 1.634686253964901e-02 -2.504628419876099e+00 
-1.890770532190800e-02 9.998212456703186e-01 -3.091782564297318e-04 2.946917152404785e+01 
-1.634978689253330e-02 0.000000000000000e+00 9.998664259910583e-01 3.010613250732422e+01 
0.000000000000000e+00 0.000000000000000e+00 0.000000000000000e+00 1.000000000000000e+00 
src volume info
valid = 1  # volume info valid
filename = /usr/local/freesurfer/subjects/4115/mri/norm.mgz
volume = 256 256 256
voxelsize = 1.000000000000000e+00 1.000000000000000e+00 1.000000000000000e+00
xras   = -1.000000000000000e+00 0.000000000000000e+00 0.000000000000000e+00
yras   = 0.000000000000000e+00 0.000000000000000e+00 -1.000000000000000e+00
zras   = 0.000000000000000e+00 1.000000000000000e+00 0.000000000000000e+00
cras   = 1.979247436523438e+02 2.988334655761719e+02 4.777192993164062e+02
dst volume info
valid = 1  # volume info valid
filename = /usr/local/freesurfer/subjects/4115/mri/norm.mgz
volume = 256 256 256
voxelsize = 1.000000000000000e+00 1.000000000000000e+00 1.000000000000000e+00
xras   = -1.000000000000000e+00 0.000000000000000e+00 0.000000000000000e+00
yras   = 0.000000000000000e+00 0.000000000000000e+00 -1.000000000000000e+00
zras   = 0.000000000000000e+00 1.000000000000000e+00 0.000000000000000e+00
cras   = 1.979247436523438e+02 2.988334655761719e+02 4.777192993164062e+02
