# transform file /usr/local/freesurfer/subjects/3972/mri/transforms/cc_up.lta
# created by ubuntu on Tue Jan 16 05:51:00 2018

type      = 0 # LINEAR_VOX_TO_VOX
nxforms   = 1
mean      = 132.0000 116.0000 103.0000
sigma     = 10000.0000
1 4 4
9.972121119499207e-01 7.275544852018356e-02 1.657713949680328e-02 -1.332872486114502e+01 
-7.274539768695831e-02 9.973498582839966e-01 -1.209281967021525e-03 2.500948524475098e+01 
-1.662118919193745e-02 0.000000000000000e+00 9.998618960380554e-01 4.120628738403320e+01 
0.000000000000000e+00 0.000000000000000e+00 0.000000000000000e+00 1.000000000000000e+00 
src volume info
valid = 1  # volume info valid
filename = /usr/local/freesurfer/subjects/3972/mri/norm.mgz
volume = 256 256 256
voxelsize = 1.000000000000000e+00 1.000000000000000e+00 1.000000000000000e+00
xras   = -1.000000000000000e+00 0.000000000000000e+00 0.000000000000000e+00
yras   = 0.000000000000000e+00 0.000000000000000e+00 -1.000000000000000e+00
zras   = 0.000000000000000e+00 1.000000000000000e+00 0.000000000000000e+00
cras   = 1.880445556640625e+02 2.941774291992188e+02 5.380930175781250e+02
dst volume info
valid = 1  # volume info valid
filename = /usr/local/freesurfer/subjects/3972/mri/norm.mgz
volume = 256 256 256
voxelsize = 1.000000000000000e+00 1.000000000000000e+00 1.000000000000000e+00
xras   = -1.000000000000000e+00 0.000000000000000e+00 0.000000000000000e+00
yras   = 0.000000000000000e+00 0.000000000000000e+00 -1.000000000000000e+00
zras   = 0.000000000000000e+00 1.000000000000000e+00 0.000000000000000e+00
cras   = 1.880445556640625e+02 2.941774291992188e+02 5.380930175781250e+02
