# transform file transforms/talairach.lta
# created by ubuntu on Mon Jan 15 20:13:32 2018

type      = 0 # LINEAR_VOX_TO_VOX
nxforms   = 1
mean      = 133.0000 117.0000 103.0000
sigma     = 10000.0000
1 4 4
1.102268457412720e+00 4.380428791046143e-02 -1.949560642242432e-02 -2.263206291198730e+01 
-2.705274336040020e-02 1.091129422187805e+00 5.348265171051025e-01 -4.767214202880859e+01 
3.392155095934868e-02 -4.604102671146393e-01 9.714405536651611e-01 5.805969619750977e+01 
0.000000000000000e+00 0.000000000000000e+00 0.000000000000000e+00 1.000000000000000e+00 
src volume info
valid = 1  # volume info valid
filename = nu.mgz
volume = 256 256 256
voxelsize = 1.000000000000000e+00 1.000000000000000e+00 1.000000000000000e+00
xras   = -1.000000000000000e+00 0.000000000000000e+00 0.000000000000000e+00
yras   = 0.000000000000000e+00 0.000000000000000e+00 -1.000000000000000e+00
zras   = 0.000000000000000e+00 1.000000000000000e+00 0.000000000000000e+00
cras   = 1.880445556640625e+02 2.941774291992188e+02 5.380930175781250e+02
dst volume info
valid = 1  # volume info valid
filename = /usr/local/freesurfer/average/RB_all_2016-05-10.vc700.gca
volume = 256 256 256
voxelsize = 1.000000000000000e+00 1.000000000000000e+00 1.000000000000000e+00
xras   = -1.000000000000000e+00 0.000000000000000e+00 0.000000000000000e+00
yras   = 0.000000000000000e+00 0.000000000000000e+00 -1.000000000000000e+00
zras   = 0.000000000000000e+00 1.000000000000000e+00 0.000000000000000e+00
cras   = 0.000000000000000e+00 0.000000000000000e+00 0.000000000000000e+00
