# transform file /usr/local/freesurfer/subjects/3527/mri/transforms/cc_up.lta
# created by ubuntu on Sun Jan 14 09:57:53 2018

type      = 0 # LINEAR_VOX_TO_VOX
nxforms   = 1
mean      = 128.0000 115.0000 106.0000
sigma     = 10000.0000
1 4 4
9.989609718322754e-01 4.347602277994156e-02 1.367434393614531e-02 -6.261581420898438e+00 
-4.347195103764534e-02 9.990545511245728e-01 -5.950687336735427e-04 3.574994277954102e+01 
-1.368728559464216e-02 5.820766785236131e-11 9.999064207077026e-01 4.677343368530273e+01 
0.000000000000000e+00 0.000000000000000e+00 0.000000000000000e+00 1.000000000000000e+00 
src volume info
valid = 1  # volume info valid
filename = /usr/local/freesurfer/subjects/3527/mri/norm.mgz
volume = 256 256 256
voxelsize = 1.000000000000000e+00 1.000000000000000e+00 1.000000000000000e+00
xras   = -1.000000000000000e+00 0.000000000000000e+00 0.000000000000000e+00
yras   = 0.000000000000000e+00 0.000000000000000e+00 -1.000000000000000e+00
zras   = 0.000000000000000e+00 1.000000000000000e+00 0.000000000000000e+00
cras   = 2.059805297851562e+02 3.048309936523438e+02 5.775250854492188e+02
dst volume info
valid = 1  # volume info valid
filename = /usr/local/freesurfer/subjects/3527/mri/norm.mgz
volume = 256 256 256
voxelsize = 1.000000000000000e+00 1.000000000000000e+00 1.000000000000000e+00
xras   = -1.000000000000000e+00 0.000000000000000e+00 0.000000000000000e+00
yras   = 0.000000000000000e+00 0.000000000000000e+00 -1.000000000000000e+00
zras   = 0.000000000000000e+00 1.000000000000000e+00 0.000000000000000e+00
cras   = 2.059805297851562e+02 3.048309936523438e+02 5.775250854492188e+02
