# transform file transforms/talairach_with_skull.lta
# created by ubuntu on Sat Jan 13 23:40:20 2018

type      = 0 # LINEAR_VOX_TO_VOX
nxforms   = 1
mean      = 139.0000 138.0000 118.0000
sigma     = 10000.0000
1 4 4
1.062479138374329e+00 -9.184029884636402e-03 3.347164392471313e-02 -1.404806900024414e+01 
-5.101442337036133e-03 1.157770395278931e+00 1.172276437282562e-01 -1.477389717102051e+01 
-2.987831085920334e-02 -1.026684120297432e-01 1.028357028961182e+00 1.577737236022949e+01 
0.000000000000000e+00 0.000000000000000e+00 0.000000000000000e+00 1.000000000000000e+00 
src volume info
valid = 1  # volume info valid
filename = nu.mgz
volume = 256 256 256
voxelsize = 1.000000000000000e+00 1.000000000000000e+00 1.000000000000000e+00
xras   = -1.000000000000000e+00 0.000000000000000e+00 0.000000000000000e+00
yras   = 0.000000000000000e+00 0.000000000000000e+00 -1.000000000000000e+00
zras   = 0.000000000000000e+00 1.000000000000000e+00 0.000000000000000e+00
cras   = 2.059805297851562e+02 3.048309936523438e+02 5.775250854492188e+02
dst volume info
valid = 1  # volume info valid
filename = /usr/local/freesurfer/average/RB_all_withskull_2016-05-10.vc700.gca
volume = 256 256 256
voxelsize = 1.000000000000000e+00 1.000000000000000e+00 1.000000000000000e+00
xras   = -1.000000000000000e+00 0.000000000000000e+00 0.000000000000000e+00
yras   = 0.000000000000000e+00 0.000000000000000e+00 -1.000000000000000e+00
zras   = 0.000000000000000e+00 1.000000000000000e+00 0.000000000000000e+00
cras   = 0.000000000000000e+00 0.000000000000000e+00 0.000000000000000e+00
