# transform file /usr/local/freesurfer/subjects/4111/mri/transforms/cc_up.lta
# created by ubuntu on Wed Jan 17 09:47:36 2018

type      = 0 # LINEAR_VOX_TO_VOX
nxforms   = 1
mean      = 130.0000 116.0000 107.0000
sigma     = 10000.0000
1 4 4
9.912010431289673e-01 1.303830742835999e-01 -2.282156608998775e-02 -1.371440792083740e+01 
-1.303485333919525e-01 9.914637207984924e-01 3.001164644956589e-03 4.866959381103516e+01 
2.301805652678013e-02 2.328306436538696e-10 9.997351169586182e-01 4.700530624389648e+01 
0.000000000000000e+00 0.000000000000000e+00 0.000000000000000e+00 1.000000000000000e+00 
src volume info
valid = 1  # volume info valid
filename = /usr/local/freesurfer/subjects/4111/mri/norm.mgz
volume = 256 256 256
voxelsize = 1.000000000000000e+00 1.000000000000000e+00 1.000000000000000e+00
xras   = -1.000000000000000e+00 0.000000000000000e+00 0.000000000000000e+00
yras   = 0.000000000000000e+00 0.000000000000000e+00 -1.000000000000000e+00
zras   = 0.000000000000000e+00 1.000000000000000e+00 0.000000000000000e+00
cras   = 1.918531188964844e+02 2.868680419921875e+02 4.924406738281250e+02
dst volume info
valid = 1  # volume info valid
filename = /usr/local/freesurfer/subjects/4111/mri/norm.mgz
volume = 256 256 256
voxelsize = 1.000000000000000e+00 1.000000000000000e+00 1.000000000000000e+00
xras   = -1.000000000000000e+00 0.000000000000000e+00 0.000000000000000e+00
yras   = 0.000000000000000e+00 0.000000000000000e+00 -1.000000000000000e+00
zras   = 0.000000000000000e+00 1.000000000000000e+00 0.000000000000000e+00
cras   = 1.918531188964844e+02 2.868680419921875e+02 4.924406738281250e+02
