# transform file /usr/local/freesurfer/subjects/4094/mri/transforms/cc_up.lta
# created by ubuntu on Thu Jan 18 13:48:45 2018

type      = 0 # LINEAR_VOX_TO_VOX
nxforms   = 1
mean      = 128.0000 122.0000 105.0000
sigma     = 10000.0000
1 4 4
9.999233484268188e-01 9.805752895772457e-03 7.569106295704842e-03 4.647543430328369e-01 
-9.805472567677498e-03 9.999519586563110e-01 -7.422435737680644e-05 4.425635147094727e+01 
-7.569469977170229e-03 7.275958481545164e-12 9.999713897705078e-01 3.496401214599609e+01 
0.000000000000000e+00 0.000000000000000e+00 0.000000000000000e+00 1.000000000000000e+00 
src volume info
valid = 1  # volume info valid
filename = /usr/local/freesurfer/subjects/4094/mri/norm.mgz
volume = 256 256 256
voxelsize = 1.000000000000000e+00 1.000000000000000e+00 1.000000000000000e+00
xras   = -1.000000000000000e+00 0.000000000000000e+00 0.000000000000000e+00
yras   = 0.000000000000000e+00 0.000000000000000e+00 -1.000000000000000e+00
zras   = 0.000000000000000e+00 1.000000000000000e+00 0.000000000000000e+00
cras   = 2.233732299804688e+02 2.868206787109375e+02 5.087119140625000e+02
dst volume info
valid = 1  # volume info valid
filename = /usr/local/freesurfer/subjects/4094/mri/norm.mgz
volume = 256 256 256
voxelsize = 1.000000000000000e+00 1.000000000000000e+00 1.000000000000000e+00
xras   = -1.000000000000000e+00 0.000000000000000e+00 0.000000000000000e+00
yras   = 0.000000000000000e+00 0.000000000000000e+00 -1.000000000000000e+00
zras   = 0.000000000000000e+00 1.000000000000000e+00 0.000000000000000e+00
cras   = 2.233732299804688e+02 2.868206787109375e+02 5.087119140625000e+02
