# transform file transforms/talairach_with_skull.lta
# created by ubuntu on Mon Jan  1 21:02:55 2018

type      = 0 # LINEAR_VOX_TO_VOX
nxforms   = 1
mean      = 127.0000 129.0000 131.0000
sigma     = 10000.0000
1 4 4
1.052302479743958e+00 1.094838790595531e-02 -5.851799622178078e-03 -7.699136734008789e+00 
-8.609321899712086e-03 1.026730537414551e+00 3.115303814411163e-01 -4.738349914550781e+01 
8.629811927676201e-03 -3.121924698352814e-01 1.029160499572754e+00 2.521710014343262e+01 
0.000000000000000e+00 0.000000000000000e+00 0.000000000000000e+00 1.000000000000000e+00 
src volume info
valid = 1  # volume info valid
filename = nu.mgz
volume = 256 256 256
voxelsize = 1.000000000000000e+00 1.000000000000000e+00 1.000000000000000e+00
xras   = -1.000000000000000e+00 0.000000000000000e+00 0.000000000000000e+00
yras   = 0.000000000000000e+00 0.000000000000000e+00 -1.000000000000000e+00
zras   = 0.000000000000000e+00 1.000000000000000e+00 0.000000000000000e+00
cras   = 7.317882080078125e+02 7.843692626953125e+02 -1.676339721679688e+01
dst volume info
valid = 1  # volume info valid
filename = /usr/local/freesurfer/average/RB_all_withskull_2016-05-10.vc700.gca
volume = 256 256 256
voxelsize = 1.000000000000000e+00 1.000000000000000e+00 1.000000000000000e+00
xras   = -1.000000000000000e+00 0.000000000000000e+00 0.000000000000000e+00
yras   = 0.000000000000000e+00 0.000000000000000e+00 -1.000000000000000e+00
zras   = 0.000000000000000e+00 1.000000000000000e+00 0.000000000000000e+00
cras   = 0.000000000000000e+00 0.000000000000000e+00 0.000000000000000e+00
