# transform file /usr/local/freesurfer/subjects/4118/mri/transforms/cc_up.lta
# created by ubuntu on Wed Jan 17 08:44:06 2018

type      = 0 # LINEAR_VOX_TO_VOX
nxforms   = 1
mean      = 132.0000 120.0000 119.0000
sigma     = 10000.0000
1 4 4
9.990452527999878e-01 -2.768384292721748e-02 3.379733860492706e-02 -5.905295014381409e-01 
2.766801603138447e-02 9.996167421340942e-01 9.359989198856056e-04 2.440041542053223e+01 
-3.381029888987541e-02 5.820766091346741e-11 9.994283318519592e-01 2.938660430908203e+01 
0.000000000000000e+00 0.000000000000000e+00 0.000000000000000e+00 1.000000000000000e+00 
src volume info
valid = 1  # volume info valid
filename = /usr/local/freesurfer/subjects/4118/mri/norm.mgz
volume = 256 256 256
voxelsize = 1.000000000000000e+00 1.000000000000000e+00 1.000000000000000e+00
xras   = -1.000000000000000e+00 0.000000000000000e+00 0.000000000000000e+00
yras   = 0.000000000000000e+00 0.000000000000000e+00 -1.000000000000000e+00
zras   = 0.000000000000000e+00 1.000000000000000e+00 0.000000000000000e+00
cras   = 2.139094238281250e+02 2.990278320312500e+02 4.808045043945312e+02
dst volume info
valid = 1  # volume info valid
filename = /usr/local/freesurfer/subjects/4118/mri/norm.mgz
volume = 256 256 256
voxelsize = 1.000000000000000e+00 1.000000000000000e+00 1.000000000000000e+00
xras   = -1.000000000000000e+00 0.000000000000000e+00 0.000000000000000e+00
yras   = 0.000000000000000e+00 0.000000000000000e+00 -1.000000000000000e+00
zras   = 0.000000000000000e+00 1.000000000000000e+00 0.000000000000000e+00
cras   = 2.139094238281250e+02 2.990278320312500e+02 4.808045043945312e+02
