# transform file /usr/local/freesurfer/subjects/3107/mri/transforms/cc_up.lta
# created by ubuntu on Sun Dec 31 13:36:57 2017

type      = 0 # LINEAR_VOX_TO_VOX
nxforms   = 1
mean      = 128.0000 141.0000 121.0000
sigma     = 10000.0000
1 4 4
9.999436736106873e-01 1.035174448043108e-02 2.382614184170961e-03 -1.683943629264832e+00 
-1.035171560943127e-02 9.999464750289917e-01 -2.466553451085929e-05 5.335878849029541e+00 
-2.382742008194327e-03 0.000000000000000e+00 9.999972581863403e-01 3.030568504333496e+01 
0.000000000000000e+00 0.000000000000000e+00 0.000000000000000e+00 1.000000000000000e+00 
src volume info
valid = 1  # volume info valid
filename = /usr/local/freesurfer/subjects/3107/mri/norm.mgz
volume = 256 256 256
voxelsize = 1.000000000000000e+00 1.000000000000000e+00 1.000000000000000e+00
xras   = -1.000000000000000e+00 0.000000000000000e+00 0.000000000000000e+00
yras   = 0.000000000000000e+00 0.000000000000000e+00 -1.000000000000000e+00
zras   = 0.000000000000000e+00 1.000000000000000e+00 0.000000000000000e+00
cras   = 2.193734741210938e+02 2.772229003906250e+02 5.195180664062500e+02
dst volume info
valid = 1  # volume info valid
filename = /usr/local/freesurfer/subjects/3107/mri/norm.mgz
volume = 256 256 256
voxelsize = 1.000000000000000e+00 1.000000000000000e+00 1.000000000000000e+00
xras   = -1.000000000000000e+00 0.000000000000000e+00 0.000000000000000e+00
yras   = 0.000000000000000e+00 0.000000000000000e+00 -1.000000000000000e+00
zras   = 0.000000000000000e+00 1.000000000000000e+00 0.000000000000000e+00
cras   = 2.193734741210938e+02 2.772229003906250e+02 5.195180664062500e+02
