# transform file transforms/talairach.lta
# created by ubuntu on Sun Dec 31 03:03:01 2017

type      = 0 # LINEAR_VOX_TO_VOX
nxforms   = 1
mean      = 128.0000 141.0000 121.0000
sigma     = 10000.0000
1 4 4
1.032803893089294e+00 6.211893167346716e-03 1.032583229243755e-02 -7.923289299011230e+00 
-8.429991081357002e-03 1.051150679588318e+00 3.126350045204163e-01 -5.340793609619141e+01 
-8.420405909419060e-03 -2.933079004287720e-01 9.453760981559753e-01 3.632464599609375e+01 
0.000000000000000e+00 0.000000000000000e+00 0.000000000000000e+00 1.000000000000000e+00 
src volume info
valid = 1  # volume info valid
filename = nu.mgz
volume = 256 256 256
voxelsize = 1.000000000000000e+00 1.000000000000000e+00 1.000000000000000e+00
xras   = -1.000000000000000e+00 0.000000000000000e+00 0.000000000000000e+00
yras   = 0.000000000000000e+00 0.000000000000000e+00 -1.000000000000000e+00
zras   = 0.000000000000000e+00 1.000000000000000e+00 0.000000000000000e+00
cras   = 2.193734741210938e+02 2.772229003906250e+02 5.195180664062500e+02
dst volume info
valid = 1  # volume info valid
filename = /usr/local/freesurfer/average/RB_all_2016-05-10.vc700.gca
volume = 256 256 256
voxelsize = 1.000000000000000e+00 1.000000000000000e+00 1.000000000000000e+00
xras   = -1.000000000000000e+00 0.000000000000000e+00 0.000000000000000e+00
yras   = 0.000000000000000e+00 0.000000000000000e+00 -1.000000000000000e+00
zras   = 0.000000000000000e+00 1.000000000000000e+00 0.000000000000000e+00
cras   = 0.000000000000000e+00 0.000000000000000e+00 0.000000000000000e+00
