# transform file /usr/local/freesurfer/subjects/3762/mri/transforms/cc_up.lta
# created by ubuntu on Fri Jan 19 18:58:37 2018

type      = 0 # LINEAR_VOX_TO_VOX
nxforms   = 1
mean      = 129.0000 118.0000 130.0000
sigma     = 10000.0000
1 4 4
9.999378919601440e-01 1.005248515866697e-03 -1.110207196325064e-02 2.231534004211426e+00 
-1.005186582915485e-03 9.999995231628418e-01 1.116034673032118e-05 3.112638854980469e+01 
1.110207755118608e-02 0.000000000000000e+00 9.999384284019470e-01 7.597367286682129e+00 
0.000000000000000e+00 0.000000000000000e+00 0.000000000000000e+00 1.000000000000000e+00 
src volume info
valid = 1  # volume info valid
filename = /usr/local/freesurfer/subjects/3762/mri/norm.mgz
volume = 256 256 256
voxelsize = 1.000000000000000e+00 1.000000000000000e+00 1.000000000000000e+00
xras   = -1.000000000000000e+00 0.000000000000000e+00 0.000000000000000e+00
yras   = 0.000000000000000e+00 0.000000000000000e+00 -1.000000000000000e+00
zras   = 0.000000000000000e+00 1.000000000000000e+00 0.000000000000000e+00
cras   = 2.205622558593750e+02 2.797183227539062e+02 4.875260009765625e+02
dst volume info
valid = 1  # volume info valid
filename = /usr/local/freesurfer/subjects/3762/mri/norm.mgz
volume = 256 256 256
voxelsize = 1.000000000000000e+00 1.000000000000000e+00 1.000000000000000e+00
xras   = -1.000000000000000e+00 0.000000000000000e+00 0.000000000000000e+00
yras   = 0.000000000000000e+00 0.000000000000000e+00 -1.000000000000000e+00
zras   = 0.000000000000000e+00 1.000000000000000e+00 0.000000000000000e+00
cras   = 2.205622558593750e+02 2.797183227539062e+02 4.875260009765625e+02
