# transform file /usr/local/freesurfer/subjects/3114/mri/transforms/cc_up.lta
# created by ubuntu on Sun Dec 31 13:48:34 2017

type      = 0 # LINEAR_VOX_TO_VOX
nxforms   = 1
mean      = 130.0000 130.0000 125.0000
sigma     = 10000.0000
1 4 4
9.974243640899658e-01 -4.940562322735786e-02 -5.199622735381126e-02 1.004047870635986e+01 
4.933862388134003e-02 9.987787604331970e-01 -2.572047291323543e-03 1.002807044982910e+01 
5.205980315804482e-02 2.328306158982940e-10 9.986439347267151e-01 1.140501594543457e+01 
0.000000000000000e+00 0.000000000000000e+00 0.000000000000000e+00 1.000000000000000e+00 
src volume info
valid = 1  # volume info valid
filename = /usr/local/freesurfer/subjects/3114/mri/norm.mgz
volume = 256 256 256
voxelsize = 1.000000000000000e+00 1.000000000000000e+00 1.000000000000000e+00
xras   = -1.000000000000000e+00 0.000000000000000e+00 0.000000000000000e+00
yras   = 0.000000000000000e+00 0.000000000000000e+00 -1.000000000000000e+00
zras   = 0.000000000000000e+00 1.000000000000000e+00 0.000000000000000e+00
cras   = 1.849638671875000e+02 2.725000000000000e+02 5.161445922851562e+02
dst volume info
valid = 1  # volume info valid
filename = /usr/local/freesurfer/subjects/3114/mri/norm.mgz
volume = 256 256 256
voxelsize = 1.000000000000000e+00 1.000000000000000e+00 1.000000000000000e+00
xras   = -1.000000000000000e+00 0.000000000000000e+00 0.000000000000000e+00
yras   = 0.000000000000000e+00 0.000000000000000e+00 -1.000000000000000e+00
zras   = 0.000000000000000e+00 1.000000000000000e+00 0.000000000000000e+00
cras   = 1.849638671875000e+02 2.725000000000000e+02 5.161445922851562e+02
