# transform file /usr/local/freesurfer/subjects/3780/mri/transforms/cc_up.lta
# created by ubuntu on Fri Jan 19 19:35:10 2018

type      = 0 # LINEAR_VOX_TO_VOX
nxforms   = 1
mean      = 129.0000 124.0000 127.0000
sigma     = 10000.0000
1 4 4
9.999005794525146e-01 4.083695355802774e-03 -1.349632162600756e-02 6.987896561622620e-02 
-4.083323758095503e-03 9.999916553497314e-01 5.511533163371496e-05 2.052153778076172e+01 
1.349643431603909e-02 -3.637978807091713e-12 9.999089241027832e-01 1.526907062530518e+01 
0.000000000000000e+00 0.000000000000000e+00 0.000000000000000e+00 1.000000000000000e+00 
src volume info
valid = 1  # volume info valid
filename = /usr/local/freesurfer/subjects/3780/mri/norm.mgz
volume = 256 256 256
voxelsize = 1.000000000000000e+00 1.000000000000000e+00 1.000000000000000e+00
xras   = -1.000000000000000e+00 0.000000000000000e+00 0.000000000000000e+00
yras   = 0.000000000000000e+00 0.000000000000000e+00 -1.000000000000000e+00
zras   = 0.000000000000000e+00 1.000000000000000e+00 0.000000000000000e+00
cras   = 2.387313232421875e+02 2.690753784179688e+02 5.152177734375000e+02
dst volume info
valid = 1  # volume info valid
filename = /usr/local/freesurfer/subjects/3780/mri/norm.mgz
volume = 256 256 256
voxelsize = 1.000000000000000e+00 1.000000000000000e+00 1.000000000000000e+00
xras   = -1.000000000000000e+00 0.000000000000000e+00 0.000000000000000e+00
yras   = 0.000000000000000e+00 0.000000000000000e+00 -1.000000000000000e+00
zras   = 0.000000000000000e+00 1.000000000000000e+00 0.000000000000000e+00
cras   = 2.387313232421875e+02 2.690753784179688e+02 5.152177734375000e+02
