# transform file /usr/local/freesurfer/subjects/3779/mri/transforms/cc_up.lta
# created by ubuntu on Fri Jan 19 20:12:31 2018

type      = 0 # LINEAR_VOX_TO_VOX
nxforms   = 1
mean      = 129.0000 112.0000 131.0000
sigma     = 10000.0000
1 4 4
9.974935650825500e-01 5.001959204673767e-02 5.004848912358284e-02 -1.320683479309082e+01 
-4.995675012469292e-02 9.987483620643616e-01 -2.506542019546032e-03 3.699921798706055e+01 
-5.011121556162834e-02 0.000000000000000e+00 9.987437725067139e-01 1.775063323974609e+01 
0.000000000000000e+00 0.000000000000000e+00 0.000000000000000e+00 1.000000000000000e+00 
src volume info
valid = 1  # volume info valid
filename = /usr/local/freesurfer/subjects/3779/mri/norm.mgz
volume = 256 256 256
voxelsize = 1.000000000000000e+00 1.000000000000000e+00 1.000000000000000e+00
xras   = -1.000000000000000e+00 0.000000000000000e+00 0.000000000000000e+00
yras   = 0.000000000000000e+00 0.000000000000000e+00 -1.000000000000000e+00
zras   = 0.000000000000000e+00 1.000000000000000e+00 0.000000000000000e+00
cras   = 2.286929321289062e+02 2.786198730468750e+02 4.993988037109375e+02
dst volume info
valid = 1  # volume info valid
filename = /usr/local/freesurfer/subjects/3779/mri/norm.mgz
volume = 256 256 256
voxelsize = 1.000000000000000e+00 1.000000000000000e+00 1.000000000000000e+00
xras   = -1.000000000000000e+00 0.000000000000000e+00 0.000000000000000e+00
yras   = 0.000000000000000e+00 0.000000000000000e+00 -1.000000000000000e+00
zras   = 0.000000000000000e+00 1.000000000000000e+00 0.000000000000000e+00
cras   = 2.286929321289062e+02 2.786198730468750e+02 4.993988037109375e+02
