# transform file /usr/local/freesurfer/subjects/3528/mri/transforms/cc_up.lta
# created by ubuntu on Sun Jan 14 09:26:20 2018

type      = 0 # LINEAR_VOX_TO_VOX
nxforms   = 1
mean      = 128.0000 131.0000 105.0000
sigma     = 10000.0000
1 4 4
9.995601177215576e-01 2.825221233069897e-02 -9.029808454215527e-03 -2.193590164184570e+00 
-2.825105935335159e-02 9.996008872985840e-01 2.552139048930258e-04 2.163579750061035e+01 
9.033414535224438e-03 0.000000000000000e+00 9.999592900276184e-01 3.184759902954102e+01 
0.000000000000000e+00 0.000000000000000e+00 0.000000000000000e+00 1.000000000000000e+00 
src volume info
valid = 1  # volume info valid
filename = /usr/local/freesurfer/subjects/3528/mri/norm.mgz
volume = 256 256 256
voxelsize = 1.000000000000000e+00 1.000000000000000e+00 1.000000000000000e+00
xras   = -1.000000000000000e+00 0.000000000000000e+00 0.000000000000000e+00
yras   = 0.000000000000000e+00 0.000000000000000e+00 -1.000000000000000e+00
zras   = 0.000000000000000e+00 1.000000000000000e+00 0.000000000000000e+00
cras   = 2.481657867431641e+02 3.192313842773438e+02 5.743259277343750e+02
dst volume info
valid = 1  # volume info valid
filename = /usr/local/freesurfer/subjects/3528/mri/norm.mgz
volume = 256 256 256
voxelsize = 1.000000000000000e+00 1.000000000000000e+00 1.000000000000000e+00
xras   = -1.000000000000000e+00 0.000000000000000e+00 0.000000000000000e+00
yras   = 0.000000000000000e+00 0.000000000000000e+00 -1.000000000000000e+00
zras   = 0.000000000000000e+00 1.000000000000000e+00 0.000000000000000e+00
cras   = 2.481657867431641e+02 3.192313842773438e+02 5.743259277343750e+02
