# transform file transforms/talairach.lta
# created by ubuntu on Mon Jan  1 21:56:14 2018

type      = 0 # LINEAR_VOX_TO_VOX
nxforms   = 1
mean      = 123.0000 137.0000 123.0000
sigma     = 10000.0000
1 4 4
9.967675805091858e-01 -6.584209948778152e-02 6.333348900079727e-02 4.780535697937012e+00 
3.346750885248184e-02 1.058959960937500e+00 2.251660674810410e-01 -4.505149078369141e+01 
-1.108833625912666e-01 -1.795199960470200e-01 9.424844384193420e-01 2.990333175659180e+01 
0.000000000000000e+00 0.000000000000000e+00 0.000000000000000e+00 1.000000000000000e+00 
src volume info
valid = 1  # volume info valid
filename = nu.mgz
volume = 256 256 256
voxelsize = 1.000000000000000e+00 1.000000000000000e+00 1.000000000000000e+00
xras   = -1.000000000000000e+00 0.000000000000000e+00 0.000000000000000e+00
yras   = 0.000000000000000e+00 0.000000000000000e+00 -1.000000000000000e+00
zras   = 0.000000000000000e+00 1.000000000000000e+00 0.000000000000000e+00
cras   = 7.317881469726562e+02 7.688071899414062e+02 5.266393280029297e+01
dst volume info
valid = 1  # volume info valid
filename = /usr/local/freesurfer/average/RB_all_2016-05-10.vc700.gca
volume = 256 256 256
voxelsize = 1.000000000000000e+00 1.000000000000000e+00 1.000000000000000e+00
xras   = -1.000000000000000e+00 0.000000000000000e+00 0.000000000000000e+00
yras   = 0.000000000000000e+00 0.000000000000000e+00 -1.000000000000000e+00
zras   = 0.000000000000000e+00 1.000000000000000e+00 0.000000000000000e+00
cras   = 0.000000000000000e+00 0.000000000000000e+00 0.000000000000000e+00
