# transform file transforms/talairach_with_skull.lta
# created by ubuntu on Mon Jan  1 21:02:28 2018

type      = 0 # LINEAR_VOX_TO_VOX
nxforms   = 1
mean      = 123.0000 130.0000 127.0000
sigma     = 10000.0000
1 4 4
1.056874871253967e+00 3.977103531360626e-02 1.163670122623444e-01 -2.316541671752930e+01 
-5.721904337406158e-02 1.169567108154297e+00 3.093904852867126e-01 -5.641352081298828e+01 
-1.257024854421616e-01 -2.487978041172028e-01 9.260655641555786e-01 4.591463470458984e+01 
0.000000000000000e+00 0.000000000000000e+00 0.000000000000000e+00 1.000000000000000e+00 
src volume info
valid = 1  # volume info valid
filename = nu.mgz
volume = 256 256 256
voxelsize = 1.000000000000000e+00 1.000000000000000e+00 1.000000000000000e+00
xras   = -1.000000000000000e+00 0.000000000000000e+00 0.000000000000000e+00
yras   = 0.000000000000000e+00 0.000000000000000e+00 -1.000000000000000e+00
zras   = 0.000000000000000e+00 1.000000000000000e+00 0.000000000000000e+00
cras   = 7.317881469726562e+02 7.688071899414062e+02 5.266393280029297e+01
dst volume info
valid = 1  # volume info valid
filename = /usr/local/freesurfer/average/RB_all_withskull_2016-05-10.vc700.gca
volume = 256 256 256
voxelsize = 1.000000000000000e+00 1.000000000000000e+00 1.000000000000000e+00
xras   = -1.000000000000000e+00 0.000000000000000e+00 0.000000000000000e+00
yras   = 0.000000000000000e+00 0.000000000000000e+00 -1.000000000000000e+00
zras   = 0.000000000000000e+00 1.000000000000000e+00 0.000000000000000e+00
cras   = 0.000000000000000e+00 0.000000000000000e+00 0.000000000000000e+00
