# transform file /usr/local/freesurfer/subjects/4099/mri/transforms/cc_up.lta
# created by ubuntu on Thu Jan 18 13:59:06 2018

type      = 0 # LINEAR_VOX_TO_VOX
nxforms   = 1
mean      = 129.0000 120.0000 117.0000
sigma     = 10000.0000
1 4 4
9.927285909652710e-01 1.037179902195930e-01 -6.109578534960747e-02 -6.839367866516113e+00 
-1.035221293568611e-01 9.946067929267883e-01 6.371092982590199e-03 4.241999816894531e+01 
6.142707541584969e-02 0.000000000000000e+00 9.981116652488708e-01 1.415322303771973e+01 
0.000000000000000e+00 0.000000000000000e+00 0.000000000000000e+00 1.000000000000000e+00 
src volume info
valid = 1  # volume info valid
filename = /usr/local/freesurfer/subjects/4099/mri/norm.mgz
volume = 256 256 256
voxelsize = 1.000000000000000e+00 1.000000000000000e+00 1.000000000000000e+00
xras   = -1.000000000000000e+00 0.000000000000000e+00 0.000000000000000e+00
yras   = 0.000000000000000e+00 0.000000000000000e+00 -1.000000000000000e+00
zras   = 0.000000000000000e+00 1.000000000000000e+00 0.000000000000000e+00
cras   = 1.940169372558594e+02 3.070593261718750e+02 4.863389892578125e+02
dst volume info
valid = 1  # volume info valid
filename = /usr/local/freesurfer/subjects/4099/mri/norm.mgz
volume = 256 256 256
voxelsize = 1.000000000000000e+00 1.000000000000000e+00 1.000000000000000e+00
xras   = -1.000000000000000e+00 0.000000000000000e+00 0.000000000000000e+00
yras   = 0.000000000000000e+00 0.000000000000000e+00 -1.000000000000000e+00
zras   = 0.000000000000000e+00 1.000000000000000e+00 0.000000000000000e+00
cras   = 1.940169372558594e+02 3.070593261718750e+02 4.863389892578125e+02
