# transform file /usr/local/freesurfer/subjects/3112/mri/transforms/cc_up.lta
# created by ubuntu on Sun Dec 31 12:50:16 2017

type      = 0 # LINEAR_VOX_TO_VOX
nxforms   = 1
mean      = 128.0000 126.0000 153.0000
sigma     = 10000.0000
1 4 4
9.960992932319641e-01 -8.790504187345505e-02 -7.662520743906498e-03 1.365987777709961e+01 
8.790244162082672e-02 9.961287975311279e-01 -6.761919357813895e-04 1.040579605102539e+01 
7.692298851907253e-03 0.000000000000000e+00 9.999703168869019e-01 -1.896765327453613e+01 
0.000000000000000e+00 0.000000000000000e+00 0.000000000000000e+00 1.000000000000000e+00 
src volume info
valid = 1  # volume info valid
filename = /usr/local/freesurfer/subjects/3112/mri/norm.mgz
volume = 256 256 256
voxelsize = 1.000000000000000e+00 1.000000000000000e+00 1.000000000000000e+00
xras   = -1.000000000000000e+00 0.000000000000000e+00 0.000000000000000e+00
yras   = 0.000000000000000e+00 0.000000000000000e+00 -1.000000000000000e+00
zras   = 0.000000000000000e+00 1.000000000000000e+00 0.000000000000000e+00
cras   = 2.213975830078125e+02 2.637289123535156e+02 5.215421752929688e+02
dst volume info
valid = 1  # volume info valid
filename = /usr/local/freesurfer/subjects/3112/mri/norm.mgz
volume = 256 256 256
voxelsize = 1.000000000000000e+00 1.000000000000000e+00 1.000000000000000e+00
xras   = -1.000000000000000e+00 0.000000000000000e+00 0.000000000000000e+00
yras   = 0.000000000000000e+00 0.000000000000000e+00 -1.000000000000000e+00
zras   = 0.000000000000000e+00 1.000000000000000e+00 0.000000000000000e+00
cras   = 2.213975830078125e+02 2.637289123535156e+02 5.215421752929688e+02
