# transform file transforms/talairach_with_skull.lta
# created by ubuntu on Sun Dec 31 02:13:00 2017

type      = 0 # LINEAR_VOX_TO_VOX
nxforms   = 1
mean      = 134.0000 149.0000 128.0000
sigma     = 10000.0000
1 4 4
1.167026758193970e+00 -6.574869900941849e-02 9.252685122191906e-03 -1.736373329162598e+01 
6.680832803249359e-02 1.162996888160706e+00 2.546164691448212e-01 -6.705475616455078e+01 
-2.706609852612019e-02 -2.367440164089203e-01 1.059864640235901e+00 -1.866916084289551e+01 
0.000000000000000e+00 0.000000000000000e+00 0.000000000000000e+00 1.000000000000000e+00 
src volume info
valid = 1  # volume info valid
filename = nu.mgz
volume = 256 256 256
voxelsize = 1.000000000000000e+00 1.000000000000000e+00 1.000000000000000e+00
xras   = -1.000000000000000e+00 0.000000000000000e+00 0.000000000000000e+00
yras   = 0.000000000000000e+00 0.000000000000000e+00 -1.000000000000000e+00
zras   = 0.000000000000000e+00 1.000000000000000e+00 0.000000000000000e+00
cras   = 2.213975830078125e+02 2.637289123535156e+02 5.215421752929688e+02
dst volume info
valid = 1  # volume info valid
filename = /usr/local/freesurfer/average/RB_all_withskull_2016-05-10.vc700.gca
volume = 256 256 256
voxelsize = 1.000000000000000e+00 1.000000000000000e+00 1.000000000000000e+00
xras   = -1.000000000000000e+00 0.000000000000000e+00 0.000000000000000e+00
yras   = 0.000000000000000e+00 0.000000000000000e+00 -1.000000000000000e+00
zras   = 0.000000000000000e+00 1.000000000000000e+00 0.000000000000000e+00
cras   = 0.000000000000000e+00 0.000000000000000e+00 0.000000000000000e+00
