# transform file /usr/local/freesurfer/subjects/3000/mri/transforms/cc_up.lta
# created by ubuntu on Sun Dec 31 03:33:51 2017

type      = 0 # LINEAR_VOX_TO_VOX
nxforms   = 1
mean      = 131.0000 130.0000 103.0000
sigma     = 10000.0000
1 4 4
9.989186525344849e-01 -4.118367284536362e-02 2.157777734100819e-02 7.974606938660145e-03 
4.117406904697418e-02 9.991516470909119e-01 8.894066559150815e-04 1.563348865509033e+01 
-2.159610018134117e-02 5.820766785236131e-11 9.997668266296387e-01 3.083906364440918e+01 
0.000000000000000e+00 0.000000000000000e+00 0.000000000000000e+00 1.000000000000000e+00 
src volume info
valid = 1  # volume info valid
filename = /usr/local/freesurfer/subjects/3000/mri/norm.mgz
volume = 256 256 256
voxelsize = 1.000000000000000e+00 1.000000000000000e+00 1.000000000000000e+00
xras   = -1.000000000000000e+00 0.000000000000000e+00 0.000000000000000e+00
yras   = 0.000000000000000e+00 0.000000000000000e+00 -1.000000000000000e+00
zras   = 0.000000000000000e+00 1.000000000000000e+00 0.000000000000000e+00
cras   = 2.144869842529297e+02 2.981049804687500e+02 5.544599609375000e+02
dst volume info
valid = 1  # volume info valid
filename = /usr/local/freesurfer/subjects/3000/mri/norm.mgz
volume = 256 256 256
voxelsize = 1.000000000000000e+00 1.000000000000000e+00 1.000000000000000e+00
xras   = -1.000000000000000e+00 0.000000000000000e+00 0.000000000000000e+00
yras   = 0.000000000000000e+00 0.000000000000000e+00 -1.000000000000000e+00
zras   = 0.000000000000000e+00 1.000000000000000e+00 0.000000000000000e+00
cras   = 2.144869842529297e+02 2.981049804687500e+02 5.544599609375000e+02
