# transform file /usr/local/freesurfer/subjects/4096/mri/transforms/cc_up.lta
# created by ubuntu on Thu Jan 18 14:24:58 2018

type      = 0 # LINEAR_VOX_TO_VOX
nxforms   = 1
mean      = 128.0000 104.0000 118.0000
sigma     = 10000.0000
1 4 4
9.977244138717651e-01 -5.315396562218666e-02 -4.148021712899208e-02 1.196511459350586e+01 
5.310808867216110e-02 9.985862970352173e-01 -2.207959536463022e-03 3.970746994018555e+01 
4.153893887996674e-02 0.000000000000000e+00 9.991369247436523e-01 1.489427661895752e+01 
0.000000000000000e+00 0.000000000000000e+00 0.000000000000000e+00 1.000000000000000e+00 
src volume info
valid = 1  # volume info valid
filename = /usr/local/freesurfer/subjects/4096/mri/norm.mgz
volume = 256 256 256
voxelsize = 1.000000000000000e+00 1.000000000000000e+00 1.000000000000000e+00
xras   = -1.000000000000000e+00 0.000000000000000e+00 0.000000000000000e+00
yras   = 0.000000000000000e+00 0.000000000000000e+00 -1.000000000000000e+00
zras   = 0.000000000000000e+00 1.000000000000000e+00 0.000000000000000e+00
cras   = 2.001186523437500e+02 2.913645629882812e+02 4.931353149414062e+02
dst volume info
valid = 1  # volume info valid
filename = /usr/local/freesurfer/subjects/4096/mri/norm.mgz
volume = 256 256 256
voxelsize = 1.000000000000000e+00 1.000000000000000e+00 1.000000000000000e+00
xras   = -1.000000000000000e+00 0.000000000000000e+00 0.000000000000000e+00
yras   = 0.000000000000000e+00 0.000000000000000e+00 -1.000000000000000e+00
zras   = 0.000000000000000e+00 1.000000000000000e+00 0.000000000000000e+00
cras   = 2.001186523437500e+02 2.913645629882812e+02 4.931353149414062e+02
