# transform file /usr/local/freesurfer/subjects/4010/mri/transforms/cc_up.lta
# created by ubuntu on Tue Jan 16 05:58:25 2018

type      = 0 # LINEAR_VOX_TO_VOX
nxforms   = 1
mean      = 129.0000 112.0000 126.0000
sigma     = 10000.0000
1 4 4
9.913186430931091e-01 -9.263411164283752e-02 9.330742806196213e-02 2.080477952957153e+00 
9.222647547721863e-02 9.957002401351929e-01 8.680775761604309e-03 2.479919052124023e+01 
-9.371036291122437e-02 0.000000000000000e+00 9.955995082855225e-01 2.729524803161621e+01 
0.000000000000000e+00 0.000000000000000e+00 0.000000000000000e+00 1.000000000000000e+00 
src volume info
valid = 1  # volume info valid
filename = /usr/local/freesurfer/subjects/4010/mri/norm.mgz
volume = 256 256 256
voxelsize = 1.000000000000000e+00 1.000000000000000e+00 1.000000000000000e+00
xras   = -1.000000000000000e+00 0.000000000000000e+00 0.000000000000000e+00
yras   = 0.000000000000000e+00 0.000000000000000e+00 -1.000000000000000e+00
zras   = 0.000000000000000e+00 1.000000000000000e+00 0.000000000000000e+00
cras   = 1.960000000000000e+02 2.825000000000000e+02 5.240000000000000e+02
dst volume info
valid = 1  # volume info valid
filename = /usr/local/freesurfer/subjects/4010/mri/norm.mgz
volume = 256 256 256
voxelsize = 1.000000000000000e+00 1.000000000000000e+00 1.000000000000000e+00
xras   = -1.000000000000000e+00 0.000000000000000e+00 0.000000000000000e+00
yras   = 0.000000000000000e+00 0.000000000000000e+00 -1.000000000000000e+00
zras   = 0.000000000000000e+00 1.000000000000000e+00 0.000000000000000e+00
cras   = 1.960000000000000e+02 2.825000000000000e+02 5.240000000000000e+02
